"bisou1897" "bravo2421" "bravo2422" "canard/coin-coin1898" "canard/coin-coin2423" "canard/coin-coin2424" "canard/coin-coin2956" "canard/coin-coin2957" "cassé2958" "coucou2425" "coucou2426" "divan2427" "encore1899" "encore2959" "encore2960" "est là1900" "est là2961" "est là2962" "lequel2963" "livre1901" "livre1902" "livre1903" "livre1904" "livre1905" "maman2429" "maman2430" "maman2431" "maman2432" "maman2433" "mouton2968" "musique2436" "musique2437" "musique2438" "musique2439" "musique2440" "nonnon2441" "nonnon2705" "papa2442" "papa2443" "papa2444" "papa2445" "pin pon1908" "pin pon1909" "pin pon1910" "pin pon1911" "pin pon1912" "teuton2447" "voiture2448" "voiture2970"
"bisou1897" 0 2.82842712474619 2.82842712474619 3.3166247903554 6.6332495807108 6.6332495807108 6.14505191510159 6.14505191510159 8.83763431866884 6.6332495807108 6.6332495807108 5.19258240356725 3.3166247903554 6.14505191510159 6.14505191510159 4.38748219369606 5.7007084480152 5.7007084480152 6.14505191510159 4.38748219369606 4.38748219369606 4.38748219369606 4.38748219369606 4.38748219369606 5.29150262212918 6.76885693668225 5.29150262212918 5.29150262212918 5.29150262212918 6.14505191510159 6.6332495807108 6.6332495807108 6.6332495807108 6.6332495807108 6.6332495807108 7.12310562561766 2.82842712474619 4 4 4 4 1 1 1 1 1 6.6332495807108 5.73231923428138 5.52100952831344
"bravo2421" 2.82842712474619 0 0 6.14505191510159 6.6332495807108 6.6332495807108 6.14505191510159 6.14505191510159 8.83763431866884 6.6332495807108 6.6332495807108 5 6.14505191510159 6.14505191510159 6.14505191510159 7.21590931844225 7.21590931844225 7.21590931844225 6.14505191510159 7.21590931844225 7.21590931844225 7.21590931844225 7.21590931844225 7.21590931844225 5.29150262212918 6.76885693668225 5.29150262212918 5.29150262212918 5.29150262212918 6.14505191510159 6.6332495807108 6.6332495807108 6.6332495807108 6.6332495807108 6.6332495807108 8.24621125123532 5.65685424949238 2 2 2 2 3.82842712474619 3.82842712474619 3.82842712474619 3.82842712474619 3.82842712474619 6.6332495807108 5.53973683071413 5.32842712474619
"bravo2422" 2.82842712474619 0 0 6.14505191510159 6.6332495807108 6.6332495807108 6.14505191510159 6.14505191510159 8.83763431866884 6.6332495807108 6.6332495807108 5 6.14505191510159 6.14505191510159 6.14505191510159 7.21590931844225 7.21590931844225 7.21590931844225 6.14505191510159 7.21590931844225 7.21590931844225 7.21590931844225 7.21590931844225 7.21590931844225 5.29150262212918 6.76885693668225 5.29150262212918 5.29150262212918 5.29150262212918 6.14505191510159 6.6332495807108 6.6332495807108 6.6332495807108 6.6332495807108 6.6332495807108 8.24621125123532 5.65685424949238 2 2 2 2 3.82842712474619 3.82842712474619 3.82842712474619 3.82842712474619 3.82842712474619 6.6332495807108 5.53973683071413 5.32842712474619
"canard/coin-coin1898" 3.3166247903554 6.14505191510159 6.14505191510159 0 3.3166247903554 3.3166247903554 6.6332495807108 6.6332495807108 9.32583198427805 3.3166247903554 3.3166247903554 6.04668436981694 0 6.6332495807108 6.6332495807108 4.5 6.18890611362441 6.18890611362441 6.6332495807108 4.5 4.5 4.5 4.5 4.5 7.11788726606417 6.88839199818388 7.11788726606417 7.11788726606417 7.11788726606417 6.6332495807108 3.3166247903554 3.3166247903554 3.3166247903554 3.3166247903554 3.3166247903554 7.24264068711928 3.3166247903554 6.16227766016838 6.16227766016838 6.16227766016838 6.16227766016838 3.16227766016838 3.16227766016838 3.16227766016838 3.16227766016838 3.16227766016838 6.14505191510159 6.96341370437978 6.00920719392265
"canard/coin-coin2423" 6.6332495807108 6.6332495807108 6.6332495807108 3.3166247903554 0 0 3.3166247903554 3.3166247903554 8.83763431866884 0 0 6.70820393249937 3.3166247903554 3.3166247903554 3.3166247903554 7.8166247903554 7.8166247903554 7.8166247903554 3.3166247903554 7.8166247903554 7.8166247903554 7.8166247903554 7.8166247903554 7.8166247903554 8.94427190999916 8.71477664211886 8.94427190999916 8.94427190999916 8.94427190999916 6.14505191510159 0 0 0 0 0 8.48528137423857 6.6332495807108 6.32455532033676 6.32455532033676 6.32455532033676 6.32455532033676 6.47890245052378 6.47890245052378 6.47890245052378 6.47890245052378 6.47890245052378 5.65685424949238 7.62493326706221 6.67072675660508
"canard/coin-coin2424" 6.6332495807108 6.6332495807108 6.6332495807108 3.3166247903554 0 0 3.3166247903554 3.3166247903554 8.83763431866884 0 0 6.70820393249937 3.3166247903554 3.3166247903554 3.3166247903554 7.8166247903554 7.8166247903554 7.8166247903554 3.3166247903554 7.8166247903554 7.8166247903554 7.8166247903554 7.8166247903554 7.8166247903554 8.94427190999916 8.71477664211886 8.94427190999916 8.94427190999916 8.94427190999916 6.14505191510159 0 0 0 0 0 8.48528137423857 6.6332495807108 6.32455532033676 6.32455532033676 6.32455532033676 6.32455532033676 6.47890245052378 6.47890245052378 6.47890245052378 6.47890245052378 6.47890245052378 5.65685424949238 7.62493326706221 6.67072675660508
"canard/coin-coin2956" 6.14505191510159 6.14505191510159 6.14505191510159 6.6332495807108 3.3166247903554 3.3166247903554 0 0 5.52100952831344 3.3166247903554 3.3166247903554 6.04668436981694 6.6332495807108 0 0 6.18890611362441 4.5 4.5 0 6.18890611362441 6.18890611362441 6.18890611362441 6.18890611362441 6.18890611362441 7.11788726606417 7.47213595499958 7.11788726606417 7.11788726606417 7.11788726606417 2.82842712474619 3.3166247903554 3.3166247903554 3.3166247903554 3.3166247903554 3.3166247903554 7.24264068711928 3.3166247903554 6.16227766016838 6.16227766016838 6.16227766016838 6.16227766016838 6.3166247903554 6.3166247903554 6.3166247903554 6.3166247903554 6.3166247903554 6.14505191510159 6.11815695846674 3.35410196624968
"canard/coin-coin2957" 6.14505191510159 6.14505191510159 6.14505191510159 6.6332495807108 3.3166247903554 3.3166247903554 0 0 5.52100952831344 3.3166247903554 3.3166247903554 6.04668436981694 6.6332495807108 0 0 6.18890611362441 4.5 4.5 0 6.18890611362441 6.18890611362441 6.18890611362441 6.18890611362441 6.18890611362441 7.11788726606417 7.47213595499958 7.11788726606417 7.11788726606417 7.11788726606417 2.82842712474619 3.3166247903554 3.3166247903554 3.3166247903554 3.3166247903554 3.3166247903554 7.24264068711928 3.3166247903554 6.16227766016838 6.16227766016838 6.16227766016838 6.16227766016838 6.3166247903554 6.3166247903554 6.3166247903554 6.3166247903554 6.3166247903554 6.14505191510159 6.11815695846674 3.35410196624968
"cassé2958" 8.83763431866884 8.83763431866884 8.83763431866884 9.32583198427805 8.83763431866884 8.83763431866884 5.52100952831344 5.52100952831344 0 8.83763431866884 8.83763431866884 8.07774721070176 9.32583198427805 5.52100952831344 5.52100952831344 8.88148851719167 6.19258240356725 6.19258240356725 5.52100952831344 8.88148851719167 8.88148851719167 8.88148851719167 8.88148851719167 8.88148851719167 9.81046966963142 10.1647183585668 9.81046966963142 9.81046966963142 9.81046966963142 2.69258240356725 8.83763431866884 8.83763431866884 8.83763431866884 8.83763431866884 8.83763431866884 8.85486006373563 6.00920719392265 8.85486006373563 8.85486006373563 8.85486006373563 8.85486006373563 9.00920719392265 9.00920719392265 9.00920719392265 9.00920719392265 9.00920719392265 6.00920719392265 8.14921979935155 5.3851648071345
"coucou2425" 6.6332495807108 6.6332495807108 6.6332495807108 3.3166247903554 0 0 3.3166247903554 3.3166247903554 8.83763431866884 0 0 6.70820393249937 3.3166247903554 3.3166247903554 3.3166247903554 7.8166247903554 7.8166247903554 7.8166247903554 3.3166247903554 7.8166247903554 7.8166247903554 7.8166247903554 7.8166247903554 7.8166247903554 8.94427190999916 8.71477664211886 8.94427190999916 8.94427190999916 8.94427190999916 6.14505191510159 0 0 0 0 0 8.48528137423857 6.6332495807108 6.32455532033676 6.32455532033676 6.32455532033676 6.32455532033676 6.47890245052378 6.47890245052378 6.47890245052378 6.47890245052378 6.47890245052378 5.65685424949238 7.62493326706221 6.67072675660508
"coucou2426" 6.6332495807108 6.6332495807108 6.6332495807108 3.3166247903554 0 0 3.3166247903554 3.3166247903554 8.83763431866884 0 0 6.70820393249937 3.3166247903554 3.3166247903554 3.3166247903554 7.8166247903554 7.8166247903554 7.8166247903554 3.3166247903554 7.8166247903554 7.8166247903554 7.8166247903554 7.8166247903554 7.8166247903554 8.94427190999916 8.71477664211886 8.94427190999916 8.94427190999916 8.94427190999916 6.14505191510159 0 0 0 0 0 8.48528137423857 6.6332495807108 6.32455532033676 6.32455532033676 6.32455532033676 6.32455532033676 6.47890245052378 6.47890245052378 6.47890245052378 6.47890245052378 6.47890245052378 5.65685424949238 7.62493326706221 6.67072675660508
"divan2427" 5.19258240356725 5 5 6.04668436981694 6.70820393249937 6.70820393249937 6.04668436981694 6.04668436981694 8.07774721070176 6.70820393249937 6.70820393249937 0 6.04668436981694 6.04668436981694 6.04668436981694 5.85486006373563 5.85486006373563 5.85486006373563 6.04668436981694 5.85486006373563 5.85486006373563 5.85486006373563 5.85486006373563 5.85486006373563 7 7 7 7 7 5.3851648071345 6.70820393249937 6.70820393249937 6.70820393249937 6.70820393249937 6.70820393249937 7 5.3851648071345 5.3851648071345 5.3851648071345 5.3851648071345 5.3851648071345 5.3851648071345 5.3851648071345 5.3851648071345 5.3851648071345 5.3851648071345 5.3851648071345 3.7 2.69258240356725
"encore1899" 3.3166247903554 6.14505191510159 6.14505191510159 0 3.3166247903554 3.3166247903554 6.6332495807108 6.6332495807108 9.32583198427805 3.3166247903554 3.3166247903554 6.04668436981694 0 6.6332495807108 6.6332495807108 4.5 6.18890611362441 6.18890611362441 6.6332495807108 4.5 4.5 4.5 4.5 4.5 7.11788726606417 6.88839199818388 7.11788726606417 7.11788726606417 7.11788726606417 6.6332495807108 3.3166247903554 3.3166247903554 3.3166247903554 3.3166247903554 3.3166247903554 7.24264068711928 3.3166247903554 6.16227766016838 6.16227766016838 6.16227766016838 6.16227766016838 3.16227766016838 3.16227766016838 3.16227766016838 3.16227766016838 3.16227766016838 6.14505191510159 6.96341370437978 6.00920719392265
"encore2959" 6.14505191510159 6.14505191510159 6.14505191510159 6.6332495807108 3.3166247903554 3.3166247903554 0 0 5.52100952831344 3.3166247903554 3.3166247903554 6.04668436981694 6.6332495807108 0 0 6.18890611362441 4.5 4.5 0 6.18890611362441 6.18890611362441 6.18890611362441 6.18890611362441 6.18890611362441 7.11788726606417 7.47213595499958 7.11788726606417 7.11788726606417 7.11788726606417 2.82842712474619 3.3166247903554 3.3166247903554 3.3166247903554 3.3166247903554 3.3166247903554 7.24264068711928 3.3166247903554 6.16227766016838 6.16227766016838 6.16227766016838 6.16227766016838 6.3166247903554 6.3166247903554 6.3166247903554 6.3166247903554 6.3166247903554 6.14505191510159 6.11815695846674 3.35410196624968
"encore2960" 6.14505191510159 6.14505191510159 6.14505191510159 6.6332495807108 3.3166247903554 3.3166247903554 0 0 5.52100952831344 3.3166247903554 3.3166247903554 6.04668436981694 6.6332495807108 0 0 6.18890611362441 4.5 4.5 0 6.18890611362441 6.18890611362441 6.18890611362441 6.18890611362441 6.18890611362441 7.11788726606417 7.47213595499958 7.11788726606417 7.11788726606417 7.11788726606417 2.82842712474619 3.3166247903554 3.3166247903554 3.3166247903554 3.3166247903554 3.3166247903554 7.24264068711928 3.3166247903554 6.16227766016838 6.16227766016838 6.16227766016838 6.16227766016838 6.3166247903554 6.3166247903554 6.3166247903554 6.3166247903554 6.3166247903554 6.14505191510159 6.11815695846674 3.35410196624968
"est là1900" 4.38748219369606 7.21590931844225 7.21590931844225 4.5 7.8166247903554 7.8166247903554 6.18890611362441 6.18890611362441 8.88148851719167 7.8166247903554 7.8166247903554 5.85486006373563 4.5 6.18890611362441 6.18890611362441 0 5.74456264653803 5.74456264653803 6.18890611362441 0 0 0 0 0 6.55087614901792 4.93703915854251 6.55087614901792 6.55087614901792 6.55087614901792 6.18890611362441 7.8166247903554 7.8166247903554 7.8166247903554 7.8166247903554 7.8166247903554 5.29128784747792 2.87228132326901 7.7169905660283 7.7169905660283 7.7169905660283 7.7169905660283 4.7169905660283 4.7169905660283 4.7169905660283 4.7169905660283 4.7169905660283 6.8166247903554 6.82658772528613 5.56486372683627
"est là2961" 5.7007084480152 7.21590931844225 7.21590931844225 6.18890611362441 7.8166247903554 7.8166247903554 4.5 4.5 6.19258240356725 7.8166247903554 7.8166247903554 5.85486006373563 6.18890611362441 4.5 4.5 5.74456264653803 0 0 4.5 5.74456264653803 5.74456264653803 5.74456264653803 5.74456264653803 5.74456264653803 6.55087614901792 6.90512483795333 6.55087614901792 6.55087614901792 6.55087614901792 3.5 7.8166247903554 7.8166247903554 7.8166247903554 7.8166247903554 7.8166247903554 5.29128784747792 2.87228132326901 7.7169905660283 7.7169905660283 7.7169905660283 7.7169905660283 5.87228132326901 5.87228132326901 5.87228132326901 5.87228132326901 5.87228132326901 6.8166247903554 5.92633265238543 3.16227766016838
"est là2962" 5.7007084480152 7.21590931844225 7.21590931844225 6.18890611362441 7.8166247903554 7.8166247903554 4.5 4.5 6.19258240356725 7.8166247903554 7.8166247903554 5.85486006373563 6.18890611362441 4.5 4.5 5.74456264653803 0 0 4.5 5.74456264653803 5.74456264653803 5.74456264653803 5.74456264653803 5.74456264653803 6.55087614901792 6.90512483795333 6.55087614901792 6.55087614901792 6.55087614901792 3.5 7.8166247903554 7.8166247903554 7.8166247903554 7.8166247903554 7.8166247903554 5.29128784747792 2.87228132326901 7.7169905660283 7.7169905660283 7.7169905660283 7.7169905660283 5.87228132326901 5.87228132326901 5.87228132326901 5.87228132326901 5.87228132326901 6.8166247903554 5.92633265238543 3.16227766016838
"lequel2963" 6.14505191510159 6.14505191510159 6.14505191510159 6.6332495807108 3.3166247903554 3.3166247903554 0 0 5.52100952831344 3.3166247903554 3.3166247903554 6.04668436981694 6.6332495807108 0 0 6.18890611362441 4.5 4.5 0 6.18890611362441 6.18890611362441 6.18890611362441 6.18890611362441 6.18890611362441 7.11788726606417 7.47213595499958 7.11788726606417 7.11788726606417 7.11788726606417 2.82842712474619 3.3166247903554 3.3166247903554 3.3166247903554 3.3166247903554 3.3166247903554 7.24264068711928 3.3166247903554 6.16227766016838 6.16227766016838 6.16227766016838 6.16227766016838 6.3166247903554 6.3166247903554 6.3166247903554 6.3166247903554 6.3166247903554 6.14505191510159 6.11815695846674 3.35410196624968
"livre1901" 4.38748219369606 7.21590931844225 7.21590931844225 4.5 7.8166247903554 7.8166247903554 6.18890611362441 6.18890611362441 8.88148851719167 7.8166247903554 7.8166247903554 5.85486006373563 4.5 6.18890611362441 6.18890611362441 0 5.74456264653803 5.74456264653803 6.18890611362441 0 0 0 0 0 6.55087614901792 4.93703915854251 6.55087614901792 6.55087614901792 6.55087614901792 6.18890611362441 7.8166247903554 7.8166247903554 7.8166247903554 7.8166247903554 7.8166247903554 5.29128784747792 2.87228132326901 7.7169905660283 7.7169905660283 7.7169905660283 7.7169905660283 4.7169905660283 4.7169905660283 4.7169905660283 4.7169905660283 4.7169905660283 6.8166247903554 6.82658772528613 5.56486372683627
"livre1902" 4.38748219369606 7.21590931844225 7.21590931844225 4.5 7.8166247903554 7.8166247903554 6.18890611362441 6.18890611362441 8.88148851719167 7.8166247903554 7.8166247903554 5.85486006373563 4.5 6.18890611362441 6.18890611362441 0 5.74456264653803 5.74456264653803 6.18890611362441 0 0 0 0 0 6.55087614901792 4.93703915854251 6.55087614901792 6.55087614901792 6.55087614901792 6.18890611362441 7.8166247903554 7.8166247903554 7.8166247903554 7.8166247903554 7.8166247903554 5.29128784747792 2.87228132326901 7.7169905660283 7.7169905660283 7.7169905660283 7.7169905660283 4.7169905660283 4.7169905660283 4.7169905660283 4.7169905660283 4.7169905660283 6.8166247903554 6.82658772528613 5.56486372683627
"livre1903" 4.38748219369606 7.21590931844225 7.21590931844225 4.5 7.8166247903554 7.8166247903554 6.18890611362441 6.18890611362441 8.88148851719167 7.8166247903554 7.8166247903554 5.85486006373563 4.5 6.18890611362441 6.18890611362441 0 5.74456264653803 5.74456264653803 6.18890611362441 0 0 0 0 0 6.55087614901792 4.93703915854251 6.55087614901792 6.55087614901792 6.55087614901792 6.18890611362441 7.8166247903554 7.8166247903554 7.8166247903554 7.8166247903554 7.8166247903554 5.29128784747792 2.87228132326901 7.7169905660283 7.7169905660283 7.7169905660283 7.7169905660283 4.7169905660283 4.7169905660283 4.7169905660283 4.7169905660283 4.7169905660283 6.8166247903554 6.82658772528613 5.56486372683627
"livre1904" 4.38748219369606 7.21590931844225 7.21590931844225 4.5 7.8166247903554 7.8166247903554 6.18890611362441 6.18890611362441 8.88148851719167 7.8166247903554 7.8166247903554 5.85486006373563 4.5 6.18890611362441 6.18890611362441 0 5.74456264653803 5.74456264653803 6.18890611362441 0 0 0 0 0 6.55087614901792 4.93703915854251 6.55087614901792 6.55087614901792 6.55087614901792 6.18890611362441 7.8166247903554 7.8166247903554 7.8166247903554 7.8166247903554 7.8166247903554 5.29128784747792 2.87228132326901 7.7169905660283 7.7169905660283 7.7169905660283 7.7169905660283 4.7169905660283 4.7169905660283 4.7169905660283 4.7169905660283 4.7169905660283 6.8166247903554 6.82658772528613 5.56486372683627
"livre1905" 4.38748219369606 7.21590931844225 7.21590931844225 4.5 7.8166247903554 7.8166247903554 6.18890611362441 6.18890611362441 8.88148851719167 7.8166247903554 7.8166247903554 5.85486006373563 4.5 6.18890611362441 6.18890611362441 0 5.74456264653803 5.74456264653803 6.18890611362441 0 0 0 0 0 6.55087614901792 4.93703915854251 6.55087614901792 6.55087614901792 6.55087614901792 6.18890611362441 7.8166247903554 7.8166247903554 7.8166247903554 7.8166247903554 7.8166247903554 5.29128784747792 2.87228132326901 7.7169905660283 7.7169905660283 7.7169905660283 7.7169905660283 4.7169905660283 4.7169905660283 4.7169905660283 4.7169905660283 4.7169905660283 6.8166247903554 6.82658772528613 5.56486372683627
"maman2429" 5.29150262212918 5.29150262212918 5.29150262212918 7.11788726606417 8.94427190999916 8.94427190999916 7.11788726606417 7.11788726606417 9.81046966963142 8.94427190999916 8.94427190999916 7 7.11788726606417 7.11788726606417 7.11788726606417 6.55087614901792 6.55087614901792 6.55087614901792 7.11788726606417 6.55087614901792 6.55087614901792 6.55087614901792 6.55087614901792 6.55087614901792 0 3.16227766016838 0 0 0 7.11788726606417 8.94427190999916 8.94427190999916 8.94427190999916 8.94427190999916 8.94427190999916 6.32455532033676 5.29150262212918 6.32455532033676 6.32455532033676 6.32455532033676 6.32455532033676 5.80802897123297 5.80802897123297 5.80802897123297 5.80802897123297 5.80802897123297 8.94427190999916 5.6540659228538 6.14575131106459
"maman2430" 6.76885693668225 6.76885693668225 6.76885693668225 6.88839199818388 8.71477664211886 8.71477664211886 7.47213595499958 7.47213595499958 10.1647183585668 8.71477664211886 8.71477664211886 7 6.88839199818388 7.47213595499958 7.47213595499958 4.93703915854251 6.90512483795333 6.90512483795333 7.47213595499958 4.93703915854251 4.93703915854251 4.93703915854251 4.93703915854251 4.93703915854251 3.16227766016838 0 3.16227766016838 3.16227766016838 3.16227766016838 7.47213595499958 8.71477664211886 8.71477664211886 8.71477664211886 8.71477664211886 8.71477664211886 3.16227766016838 5.64575131106459 7.63441361516796 7.63441361516796 7.63441361516796 7.63441361516796 7.11788726606417 7.11788726606417 7.11788726606417 7.11788726606417 7.11788726606417 7.63441361516796 7.81740662898458 6.5
"maman2431" 5.29150262212918 5.29150262212918 5.29150262212918 7.11788726606417 8.94427190999916 8.94427190999916 7.11788726606417 7.11788726606417 9.81046966963142 8.94427190999916 8.94427190999916 7 7.11788726606417 7.11788726606417 7.11788726606417 6.55087614901792 6.55087614901792 6.55087614901792 7.11788726606417 6.55087614901792 6.55087614901792 6.55087614901792 6.55087614901792 6.55087614901792 0 3.16227766016838 0 0 0 7.11788726606417 8.94427190999916 8.94427190999916 8.94427190999916 8.94427190999916 8.94427190999916 6.32455532033676 5.29150262212918 6.32455532033676 6.32455532033676 6.32455532033676 6.32455532033676 5.80802897123297 5.80802897123297 5.80802897123297 5.80802897123297 5.80802897123297 8.94427190999916 5.6540659228538 6.14575131106459
"maman2432" 5.29150262212918 5.29150262212918 5.29150262212918 7.11788726606417 8.94427190999916 8.94427190999916 7.11788726606417 7.11788726606417 9.81046966963142 8.94427190999916 8.94427190999916 7 7.11788726606417 7.11788726606417 7.11788726606417 6.55087614901792 6.55087614901792 6.55087614901792 7.11788726606417 6.55087614901792 6.55087614901792 6.55087614901792 6.55087614901792 6.55087614901792 0 3.16227766016838 0 0 0 7.11788726606417 8.94427190999916 8.94427190999916 8.94427190999916 8.94427190999916 8.94427190999916 6.32455532033676 5.29150262212918 6.32455532033676 6.32455532033676 6.32455532033676 6.32455532033676 5.80802897123297 5.80802897123297 5.80802897123297 5.80802897123297 5.80802897123297 8.94427190999916 5.6540659228538 6.14575131106459
"maman2433" 5.29150262212918 5.29150262212918 5.29150262212918 7.11788726606417 8.94427190999916 8.94427190999916 7.11788726606417 7.11788726606417 9.81046966963142 8.94427190999916 8.94427190999916 7 7.11788726606417 7.11788726606417 7.11788726606417 6.55087614901792 6.55087614901792 6.55087614901792 7.11788726606417 6.55087614901792 6.55087614901792 6.55087614901792 6.55087614901792 6.55087614901792 0 3.16227766016838 0 0 0 7.11788726606417 8.94427190999916 8.94427190999916 8.94427190999916 8.94427190999916 8.94427190999916 6.32455532033676 5.29150262212918 6.32455532033676 6.32455532033676 6.32455532033676 6.32455532033676 5.80802897123297 5.80802897123297 5.80802897123297 5.80802897123297 5.80802897123297 8.94427190999916 5.6540659228538 6.14575131106459
"mouton2968" 6.14505191510159 6.14505191510159 6.14505191510159 6.6332495807108 6.14505191510159 6.14505191510159 2.82842712474619 2.82842712474619 2.69258240356725 6.14505191510159 6.14505191510159 5.3851648071345 6.6332495807108 2.82842712474619 2.82842712474619 6.18890611362441 3.5 3.5 2.82842712474619 6.18890611362441 6.18890611362441 6.18890611362441 6.18890611362441 6.18890611362441 7.11788726606417 7.47213595499958 7.11788726606417 7.11788726606417 7.11788726606417 0 6.14505191510159 6.14505191510159 6.14505191510159 6.14505191510159 6.14505191510159 6.16227766016838 3.3166247903554 6.16227766016838 6.16227766016838 6.16227766016838 6.16227766016838 6.3166247903554 6.3166247903554 6.3166247903554 6.3166247903554 6.3166247903554 3.3166247903554 5.4566373957843 2.69258240356725
"musique2436" 6.6332495807108 6.6332495807108 6.6332495807108 3.3166247903554 0 0 3.3166247903554 3.3166247903554 8.83763431866884 0 0 6.70820393249937 3.3166247903554 3.3166247903554 3.3166247903554 7.8166247903554 7.8166247903554 7.8166247903554 3.3166247903554 7.8166247903554 7.8166247903554 7.8166247903554 7.8166247903554 7.8166247903554 8.94427190999916 8.71477664211886 8.94427190999916 8.94427190999916 8.94427190999916 6.14505191510159 0 0 0 0 0 8.48528137423857 6.6332495807108 6.32455532033676 6.32455532033676 6.32455532033676 6.32455532033676 6.47890245052378 6.47890245052378 6.47890245052378 6.47890245052378 6.47890245052378 5.65685424949238 7.62493326706221 6.67072675660508
"musique2437" 6.6332495807108 6.6332495807108 6.6332495807108 3.3166247903554 0 0 3.3166247903554 3.3166247903554 8.83763431866884 0 0 6.70820393249937 3.3166247903554 3.3166247903554 3.3166247903554 7.8166247903554 7.8166247903554 7.8166247903554 3.3166247903554 7.8166247903554 7.8166247903554 7.8166247903554 7.8166247903554 7.8166247903554 8.94427190999916 8.71477664211886 8.94427190999916 8.94427190999916 8.94427190999916 6.14505191510159 0 0 0 0 0 8.48528137423857 6.6332495807108 6.32455532033676 6.32455532033676 6.32455532033676 6.32455532033676 6.47890245052378 6.47890245052378 6.47890245052378 6.47890245052378 6.47890245052378 5.65685424949238 7.62493326706221 6.67072675660508
"musique2438" 6.6332495807108 6.6332495807108 6.6332495807108 3.3166247903554 0 0 3.3166247903554 3.3166247903554 8.83763431866884 0 0 6.70820393249937 3.3166247903554 3.3166247903554 3.3166247903554 7.8166247903554 7.8166247903554 7.8166247903554 3.3166247903554 7.8166247903554 7.8166247903554 7.8166247903554 7.8166247903554 7.8166247903554 8.94427190999916 8.71477664211886 8.94427190999916 8.94427190999916 8.94427190999916 6.14505191510159 0 0 0 0 0 8.48528137423857 6.6332495807108 6.32455532033676 6.32455532033676 6.32455532033676 6.32455532033676 6.47890245052378 6.47890245052378 6.47890245052378 6.47890245052378 6.47890245052378 5.65685424949238 7.62493326706221 6.67072675660508
"musique2439" 6.6332495807108 6.6332495807108 6.6332495807108 3.3166247903554 0 0 3.3166247903554 3.3166247903554 8.83763431866884 0 0 6.70820393249937 3.3166247903554 3.3166247903554 3.3166247903554 7.8166247903554 7.8166247903554 7.8166247903554 3.3166247903554 7.8166247903554 7.8166247903554 7.8166247903554 7.8166247903554 7.8166247903554 8.94427190999916 8.71477664211886 8.94427190999916 8.94427190999916 8.94427190999916 6.14505191510159 0 0 0 0 0 8.48528137423857 6.6332495807108 6.32455532033676 6.32455532033676 6.32455532033676 6.32455532033676 6.47890245052378 6.47890245052378 6.47890245052378 6.47890245052378 6.47890245052378 5.65685424949238 7.62493326706221 6.67072675660508
"musique2440" 6.6332495807108 6.6332495807108 6.6332495807108 3.3166247903554 0 0 3.3166247903554 3.3166247903554 8.83763431866884 0 0 6.70820393249937 3.3166247903554 3.3166247903554 3.3166247903554 7.8166247903554 7.8166247903554 7.8166247903554 3.3166247903554 7.8166247903554 7.8166247903554 7.8166247903554 7.8166247903554 7.8166247903554 8.94427190999916 8.71477664211886 8.94427190999916 8.94427190999916 8.94427190999916 6.14505191510159 0 0 0 0 0 8.48528137423857 6.6332495807108 6.32455532033676 6.32455532033676 6.32455532033676 6.32455532033676 6.47890245052378 6.47890245052378 6.47890245052378 6.47890245052378 6.47890245052378 5.65685424949238 7.62493326706221 6.67072675660508
"nonnon2441" 7.12310562561766 8.24621125123532 8.24621125123532 7.24264068711928 8.48528137423857 8.48528137423857 7.24264068711928 7.24264068711928 8.85486006373563 8.48528137423857 8.48528137423857 7 7.24264068711928 7.24264068711928 7.24264068711928 5.29128784747792 5.29128784747792 5.29128784747792 7.24264068711928 5.29128784747792 5.29128784747792 5.29128784747792 5.29128784747792 5.29128784747792 6.32455532033676 3.16227766016838 6.32455532033676 6.32455532033676 6.32455532033676 6.16227766016838 8.48528137423857 8.48528137423857 8.48528137423857 8.48528137423857 8.48528137423857 0 6 8.94427190999916 8.94427190999916 8.94427190999916 8.94427190999916 7.47213595499958 7.47213595499958 7.47213595499958 7.47213595499958 7.47213595499958 6.32455532033676 7.81740662898458 6.5
"nonnon2705" 2.82842712474619 5.65685424949238 5.65685424949238 3.3166247903554 6.6332495807108 6.6332495807108 3.3166247903554 3.3166247903554 6.00920719392265 6.6332495807108 6.6332495807108 5.3851648071345 3.3166247903554 3.3166247903554 3.3166247903554 2.87228132326901 2.87228132326901 2.87228132326901 3.3166247903554 2.87228132326901 2.87228132326901 2.87228132326901 2.87228132326901 2.87228132326901 5.29150262212918 5.64575131106459 5.29150262212918 5.29150262212918 5.29150262212918 3.3166247903554 6.6332495807108 6.6332495807108 6.6332495807108 6.6332495807108 6.6332495807108 6 0 6 6 6 6 3 3 3 3 3 6.6332495807108 5.4566373957843 2.69258240356725
"papa2442" 4 2 2 6.16227766016838 6.32455532033676 6.32455532033676 6.16227766016838 6.16227766016838 8.85486006373563 6.32455532033676 6.32455532033676 5.3851648071345 6.16227766016838 6.16227766016838 6.16227766016838 7.7169905660283 7.7169905660283 7.7169905660283 6.16227766016838 7.7169905660283 7.7169905660283 7.7169905660283 7.7169905660283 7.7169905660283 6.32455532033676 7.63441361516796 6.32455532033676 6.32455532033676 6.32455532033676 6.16227766016838 6.32455532033676 6.32455532033676 6.32455532033676 6.32455532033676 6.32455532033676 8.94427190999916 6 0 0 0 0 3 3 3 3 3 6.32455532033676 6.19115354047443 5.69258240356725
"papa2443" 4 2 2 6.16227766016838 6.32455532033676 6.32455532033676 6.16227766016838 6.16227766016838 8.85486006373563 6.32455532033676 6.32455532033676 5.3851648071345 6.16227766016838 6.16227766016838 6.16227766016838 7.7169905660283 7.7169905660283 7.7169905660283 6.16227766016838 7.7169905660283 7.7169905660283 7.7169905660283 7.7169905660283 7.7169905660283 6.32455532033676 7.63441361516796 6.32455532033676 6.32455532033676 6.32455532033676 6.16227766016838 6.32455532033676 6.32455532033676 6.32455532033676 6.32455532033676 6.32455532033676 8.94427190999916 6 0 0 0 0 3 3 3 3 3 6.32455532033676 6.19115354047443 5.69258240356725
"papa2444" 4 2 2 6.16227766016838 6.32455532033676 6.32455532033676 6.16227766016838 6.16227766016838 8.85486006373563 6.32455532033676 6.32455532033676 5.3851648071345 6.16227766016838 6.16227766016838 6.16227766016838 7.7169905660283 7.7169905660283 7.7169905660283 6.16227766016838 7.7169905660283 7.7169905660283 7.7169905660283 7.7169905660283 7.7169905660283 6.32455532033676 7.63441361516796 6.32455532033676 6.32455532033676 6.32455532033676 6.16227766016838 6.32455532033676 6.32455532033676 6.32455532033676 6.32455532033676 6.32455532033676 8.94427190999916 6 0 0 0 0 3 3 3 3 3 6.32455532033676 6.19115354047443 5.69258240356725
"papa2445" 4 2 2 6.16227766016838 6.32455532033676 6.32455532033676 6.16227766016838 6.16227766016838 8.85486006373563 6.32455532033676 6.32455532033676 5.3851648071345 6.16227766016838 6.16227766016838 6.16227766016838 7.7169905660283 7.7169905660283 7.7169905660283 6.16227766016838 7.7169905660283 7.7169905660283 7.7169905660283 7.7169905660283 7.7169905660283 6.32455532033676 7.63441361516796 6.32455532033676 6.32455532033676 6.32455532033676 6.16227766016838 6.32455532033676 6.32455532033676 6.32455532033676 6.32455532033676 6.32455532033676 8.94427190999916 6 0 0 0 0 3 3 3 3 3 6.32455532033676 6.19115354047443 5.69258240356725
"pin pon1908" 1 3.82842712474619 3.82842712474619 3.16227766016838 6.47890245052378 6.47890245052378 6.3166247903554 6.3166247903554 9.00920719392265 6.47890245052378 6.47890245052378 5.3851648071345 3.16227766016838 6.3166247903554 6.3166247903554 4.7169905660283 5.87228132326901 5.87228132326901 6.3166247903554 4.7169905660283 4.7169905660283 4.7169905660283 4.7169905660283 4.7169905660283 5.80802897123297 7.11788726606417 5.80802897123297 5.80802897123297 5.80802897123297 6.3166247903554 6.47890245052378 6.47890245052378 6.47890245052378 6.47890245052378 6.47890245052378 7.47213595499958 3 3 3 3 3 0 0 0 0 0 6.47890245052378 6.19115354047443 5.69258240356725
"pin pon1909" 1 3.82842712474619 3.82842712474619 3.16227766016838 6.47890245052378 6.47890245052378 6.3166247903554 6.3166247903554 9.00920719392265 6.47890245052378 6.47890245052378 5.3851648071345 3.16227766016838 6.3166247903554 6.3166247903554 4.7169905660283 5.87228132326901 5.87228132326901 6.3166247903554 4.7169905660283 4.7169905660283 4.7169905660283 4.7169905660283 4.7169905660283 5.80802897123297 7.11788726606417 5.80802897123297 5.80802897123297 5.80802897123297 6.3166247903554 6.47890245052378 6.47890245052378 6.47890245052378 6.47890245052378 6.47890245052378 7.47213595499958 3 3 3 3 3 0 0 0 0 0 6.47890245052378 6.19115354047443 5.69258240356725
"pin pon1910" 1 3.82842712474619 3.82842712474619 3.16227766016838 6.47890245052378 6.47890245052378 6.3166247903554 6.3166247903554 9.00920719392265 6.47890245052378 6.47890245052378 5.3851648071345 3.16227766016838 6.3166247903554 6.3166247903554 4.7169905660283 5.87228132326901 5.87228132326901 6.3166247903554 4.7169905660283 4.7169905660283 4.7169905660283 4.7169905660283 4.7169905660283 5.80802897123297 7.11788726606417 5.80802897123297 5.80802897123297 5.80802897123297 6.3166247903554 6.47890245052378 6.47890245052378 6.47890245052378 6.47890245052378 6.47890245052378 7.47213595499958 3 3 3 3 3 0 0 0 0 0 6.47890245052378 6.19115354047443 5.69258240356725
"pin pon1911" 1 3.82842712474619 3.82842712474619 3.16227766016838 6.47890245052378 6.47890245052378 6.3166247903554 6.3166247903554 9.00920719392265 6.47890245052378 6.47890245052378 5.3851648071345 3.16227766016838 6.3166247903554 6.3166247903554 4.7169905660283 5.87228132326901 5.87228132326901 6.3166247903554 4.7169905660283 4.7169905660283 4.7169905660283 4.7169905660283 4.7169905660283 5.80802897123297 7.11788726606417 5.80802897123297 5.80802897123297 5.80802897123297 6.3166247903554 6.47890245052378 6.47890245052378 6.47890245052378 6.47890245052378 6.47890245052378 7.47213595499958 3 3 3 3 3 0 0 0 0 0 6.47890245052378 6.19115354047443 5.69258240356725
"pin pon1912" 1 3.82842712474619 3.82842712474619 3.16227766016838 6.47890245052378 6.47890245052378 6.3166247903554 6.3166247903554 9.00920719392265 6.47890245052378 6.47890245052378 5.3851648071345 3.16227766016838 6.3166247903554 6.3166247903554 4.7169905660283 5.87228132326901 5.87228132326901 6.3166247903554 4.7169905660283 4.7169905660283 4.7169905660283 4.7169905660283 4.7169905660283 5.80802897123297 7.11788726606417 5.80802897123297 5.80802897123297 5.80802897123297 6.3166247903554 6.47890245052378 6.47890245052378 6.47890245052378 6.47890245052378 6.47890245052378 7.47213595499958 3 3 3 3 3 0 0 0 0 0 6.47890245052378 6.19115354047443 5.69258240356725
"teuton2447" 6.6332495807108 6.6332495807108 6.6332495807108 6.14505191510159 5.65685424949238 5.65685424949238 6.14505191510159 6.14505191510159 6.00920719392265 5.65685424949238 5.65685424949238 5.3851648071345 6.14505191510159 6.14505191510159 6.14505191510159 6.8166247903554 6.8166247903554 6.8166247903554 6.14505191510159 6.8166247903554 6.8166247903554 6.8166247903554 6.8166247903554 6.8166247903554 8.94427190999916 7.63441361516796 8.94427190999916 8.94427190999916 8.94427190999916 3.3166247903554 5.65685424949238 5.65685424949238 5.65685424949238 5.65685424949238 5.65685424949238 6.32455532033676 6.6332495807108 6.32455532033676 6.32455532033676 6.32455532033676 6.32455532033676 6.47890245052378 6.47890245052378 6.47890245052378 6.47890245052378 6.47890245052378 0 7.81508179351353 6.00920719392265
"voiture2448" 5.73231923428138 5.53973683071413 5.53973683071413 6.96341370437978 7.62493326706221 7.62493326706221 6.11815695846674 6.11815695846674 8.14921979935155 7.62493326706221 7.62493326706221 3.7 6.96341370437978 6.11815695846674 6.11815695846674 6.82658772528613 5.92633265238543 5.92633265238543 6.11815695846674 6.82658772528613 6.82658772528613 6.82658772528613 6.82658772528613 6.82658772528613 5.6540659228538 7.81740662898458 5.6540659228538 5.6540659228538 5.6540659228538 5.4566373957843 7.62493326706221 7.62493326706221 7.62493326706221 7.62493326706221 7.62493326706221 7.81740662898458 5.4566373957843 6.19115354047443 6.19115354047443 6.19115354047443 6.19115354047443 6.19115354047443 6.19115354047443 6.19115354047443 6.19115354047443 6.19115354047443 7.81508179351353 0 2.76405499221705
"voiture2970" 5.52100952831344 5.32842712474619 5.32842712474619 6.00920719392265 6.67072675660508 6.67072675660508 3.35410196624968 3.35410196624968 5.3851648071345 6.67072675660508 6.67072675660508 2.69258240356725 6.00920719392265 3.35410196624968 3.35410196624968 5.56486372683627 3.16227766016838 3.16227766016838 3.35410196624968 5.56486372683627 5.56486372683627 5.56486372683627 5.56486372683627 5.56486372683627 6.14575131106459 6.5 6.14575131106459 6.14575131106459 6.14575131106459 2.69258240356725 6.67072675660508 6.67072675660508 6.67072675660508 6.67072675660508 6.67072675660508 6.5 2.69258240356725 5.69258240356725 5.69258240356725 5.69258240356725 5.69258240356725 5.69258240356725 5.69258240356725 5.69258240356725 5.69258240356725 5.69258240356725 6.00920719392265 2.76405499221705 0
