"Allah3561" "BASKET2403" "BOTTLE2392" "BOTTLE2393" "MAMA3368" "MAMA3369" "PILLOW2397" "PILLOW3371" "acha2953" "ayee!2699" "chalo3367" "daalu3372" "dadi2401" "dadi2402" "davayee1894" "dhakan2391" "ganda2398" "gir gaya2407" "kapra2406" "kha lo,kha lun2408" "khana2394" "machar2395" "machar2396" "nahin1893" "nino BT2404" "nino BT2405" "oho!2952" "sona2410" "sona2411" "sona3373" "theek hai2409" "toba3370" "vava BT2399" "vava BT2400"
"Allah3561" 0 13.5173332383706 8.74208971316431 12.0729897712842 10.4560009869712 14.7146600944161 5.56486372683627 3 6.03455898343739 5.74456264653803 6.00920719392265 3.16227766016838 9.0759402485865 9.0759402485865 8.90684030670641 13.5345589834374 8.32584683091531 5.74456264653803 6.18890611362441 6.18890611362441 8.48019396110233 14.5828963611699 14.5828963611699 8.74456264653803 8.16356917074693 8.16356917074693 6.61393871004296 5.56486372683627 5.56486372683627 2.69258240356725 7.37228132326901 12.0915891777475 8.72714138700465 8.72714138700465
"BASKET2403" 13.5173332383706 0 6.3166247903554 6.32842712474619 13.0802633674842 15.7260146785488 11.0181869090718 11.6889061136244 7.94782755283358 9.46167670545699 16.6981133075471 13.8511837737928 9.47890245052378 9.47890245052378 9.79552724087918 6.32455532033676 13.5499702623893 9.46167670545699 11.1332495807108 11.1332495807108 10.8758902678301 11.666760839378 11.666760839378 10.7563552063285 11.6823711030923 11.6823711030923 8.43633976257951 11.0181869090718 11.0181869090718 13.8904682323408 6.14505191510159 12.7783014958124 9.17072675660508 9.17072675660508
"BOTTLE2392" 8.74208971316431 6.3166247903554 0 3.87228132326901 9.41460824774684 12.0603595588114 6.24294338386553 6.91366258841812 4.88997993755502 5.99070478491457 11.9228697823408 9.0759402485865 3.16227766016838 3.16227766016838 6.32455532033676 9.16227766016838 8.63645609597916 5.99070478491457 6.35800605550451 6.35800605550451 5.96237610141999 9.21061503790086 9.21061503790086 7.28538328578604 6.76885693668225 6.76885693668225 6.02998924346261 6.24294338386553 6.24294338386553 9.11522470713455 5.82842712474619 9.30732957526997 5 5
"BOTTLE2393" 12.0729897712842 6.32842712474619 3.87228132326901 0 12.6359199003978 15.2816712114624 9.57384344198544 10.244562646538 7.5034840857472 9.0173332383706 15.2537698404607 12.4068403067064 7.03455898343739 7.03455898343739 9.35118377379279 8.28199263239249 12.025263768352 9.0173332383706 9.68890611362441 9.68890611362441 9.35118377379279 5.33833371463184 5.33833371463184 10.3120117392421 10.1576646090551 10.1576646090551 8.74208971316432 9.57384344198544 9.57384344198544 12.4461247652545 8.52913557276139 12.333958028726 8.06486372683627 8.06486372683627
"MAMA3368" 10.4560009869712 13.0802633674842 9.41460824774684 12.6359199003978 0 7.93725393319377 10.8228780216767 10.972527336075 9.56350449478795 7.93725393319377 14.9749680344735 11.9333553015243 10.8919625622999 10.8919625622999 9.41460824774684 14.2409928916818 11.6160579424659 7.93725393319377 11.0230121040175 11.0230121040175 10.2801649262325 12.6827509929004 12.6827509929004 8.45378028229756 8.97030663140135 8.97030663140135 9.06641983976456 10.8228780216767 10.8228780216767 12.0822515485654 9.76363857712876 9.76363857712876 9.64575131106459 9.64575131106459
"MAMA3369" 14.7146600944161 15.7260146785488 12.0603595588114 15.2816712114624 7.93725393319377 0 13.4686293327413 15.2311864435199 12.2092558058525 10.5830052442584 19.2336271419184 16.1920144089692 13.5377138733645 13.5377138733645 12.0603595588114 16.8867442027464 14.2618092535305 10.5830052442584 13.6687634150821 13.6687634150821 12.9259162372971 15.328502303965 15.328502303965 11.0995315933622 11.6160579424659 11.6160579424659 11.7121711508291 13.4686293327413 13.4686293327413 16.3409106560103 12.4093898881934 15.2378170129395 12.2915026221292 12.2915026221292
"PILLOW2397" 5.56486372683627 11.0181869090718 6.24294338386553 9.57384344198544 10.8228780216767 13.4686293327413 0 5.91366258841812 5.85486006373563 5.56486372683627 7.36763936456826 4.93383413607785 5.10293407795794 5.10293407795794 4.93383413607785 9.56155281280883 8.14614791121355 5.56486372683627 1.80277563773199 1.80277563773199 4.09406348520991 13.336865599495 13.336865599495 6.37228132326901 5.79128784747792 5.79128784747792 6.43423979034119 0 0 2.87228132326901 7.19258240356725 9.01868495617425 5.61176740295156 5.61176740295156
"PILLOW3371" 3 11.6889061136244 6.91366258841812 10.244562646538 10.972527336075 15.2311864435199 5.91366258841812 0 9.03455898343739 8.74456264653803 5.85486006373563 3.3166247903554 9.23028737877352 9.23028737877352 9.06118743689343 13.6889061136244 11.3258468309153 8.74456264653803 6.03455898343739 6.03455898343739 8.32584683091531 15.0994227102737 15.0994227102737 10.2166986015376 9.63570512574651 9.63570512574651 9.61393871004296 5.91366258841812 5.91366258841812 3.04138126514911 10.372281323269 11.9372420475605 8.72714138700465 8.72714138700465
"acha2953" 6.03455898343739 7.94782755283358 4.88997993755502 7.5034840857472 9.56350449478795 12.2092558058525 5.85486006373563 9.03455898343739 0 2.69258240356725 12.04376617736 9.19683664360577 5.22383047297721 5.22383047297721 5.85486006373563 7.96505329790037 6.66227766016838 2.69258240356725 6.47890245052378 6.47890245052378 6.8166247903554 10.0133906756329 10.0133906756329 5.69258240356725 6.5 6.5 2 5.85486006373563 5.85486006373563 8.72714138700465 1.80277563773199 9.34661403381801 5.14207214635043 5.14207214635043
"ayee!2699" 5.74456264653803 9.46167670545699 5.99070478491457 9.0173332383706 7.93725393319377 10.5830052442584 5.56486372683627 8.74456264653803 2.69258240356725 0 11.7537698404607 8.90684030670641 6.32455532033676 6.32455532033676 3.16227766016838 9.47890245052378 6.16227766016838 0 6.18890611362441 6.18890611362441 6.3166247903554 11.5272398282563 11.5272398282563 3 6 6 2.69258240356725 5.56486372683627 5.56486372683627 8.43714505010528 3.3166247903554 8.97347903984778 5.3851648071345 5.3851648071345
"chalo3367" 6.00920719392265 16.6981133075471 11.9228697823408 15.2537698404607 14.9749680344735 19.2336271419184 7.36763936456826 5.85486006373563 12.04376617736 11.7537698404607 0 3.69258240356725 9.60624499198538 9.60624499198538 9.43714505010528 14.0648637268363 14.335054024838 11.7537698404607 8.39329085158246 8.39329085158246 10.6845786990604 19.1018634086721 19.1018634086721 11.5994227102737 11.0184292344826 11.0184292344826 12.6231459039656 7.36763936456826 7.36763936456826 4.49535804129925 13.3814885171917 11.4675467909594 11.4197237905719 11.4197237905719
"daalu3372" 3.16227766016838 13.8511837737928 9.0759402485865 12.4068403067064 11.9333553015243 16.1920144089692 4.93383413607785 3.3166247903554 9.19683664360577 8.90684030670641 3.69258240356725 0 5.91366258841812 5.91366258841812 5.74456264653803 10.372281323269 11.4881244910837 8.90684030670641 5.87228132326901 5.87228132326901 8.16356917074693 16.0602506757229 16.0602506757229 8.39031395760262 7.80932048181153 7.80932048181153 9.77621637021134 4.93383413607785 4.93383413607785 2.06155281280883 10.5345589834374 9.77496438739212 8.53455898343739 8.53455898343739
"dadi2401" 9.0759402485865 9.47890245052378 3.16227766016838 7.03455898343739 10.8919625622999 13.5377138733645 5.10293407795794 9.23028737877352 5.22383047297721 6.32455532033676 9.60624499198538 5.91366258841812 0 0 3.16227766016838 6 8.97030663140135 6.32455532033676 6.04138126514911 6.04138126514911 5.64575131106459 10.6879693524539 10.6879693524539 5.80802897123297 5.29150262212918 5.29150262212918 6.3638397788848 5.10293407795794 5.10293407795794 7.97521540122695 6.16227766016838 6.99070478491457 5 5
"dadi2402" 9.0759402485865 9.47890245052378 3.16227766016838 7.03455898343739 10.8919625622999 13.5377138733645 5.10293407795794 9.23028737877352 5.22383047297721 6.32455532033676 9.60624499198538 5.91366258841812 0 0 3.16227766016838 6 8.97030663140135 6.32455532033676 6.04138126514911 6.04138126514911 5.64575131106459 10.6879693524539 10.6879693524539 5.80802897123297 5.29150262212918 5.29150262212918 6.3638397788848 5.10293407795794 5.10293407795794 7.97521540122695 6.16227766016838 6.99070478491457 5 5
"davayee1894" 8.90684030670641 9.79552724087918 6.32455532033676 9.35118377379279 9.41460824774684 12.0603595588114 4.93383413607785 9.06118743689343 5.85486006373563 3.16227766016838 9.43714505010528 5.74456264653803 3.16227766016838 3.16227766016838 0 6.3166247903554 9.32455532033676 3.16227766016838 5.87228132326901 5.87228132326901 6 13.0045941428093 13.0045941428093 2.64575131106459 5.64575131106459 5.64575131106459 5.85486006373563 4.93383413607785 4.93383413607785 7.80611545934686 6.47890245052378 6.65685424949238 5.19258240356725 5.19258240356725
"dhakan2391" 13.5345589834374 6.32455532033676 9.16227766016838 8.28199263239249 14.2409928916818 16.8867442027464 9.56155281280883 13.6889061136244 7.96505329790037 9.47890245052378 14.0648637268363 10.372281323269 6 6 6.3166247903554 0 13.567196007456 9.47890245052378 10.5 10.5 10.2426406871193 11.935403001409 11.935403001409 8.96237610141999 9.88839199818388 9.88839199818388 8.4535655076463 9.56155281280883 9.56155281280883 12.4338341360778 6.16227766016838 10.1450519151016 8.85410196624968 8.85410196624968
"ganda2398" 8.32584683091531 13.5499702623893 8.63645609597916 12.025263768352 11.6160579424659 14.2618092535305 8.14614791121355 11.3258468309153 6.66227766016838 6.16227766016838 14.335054024838 11.4881244910837 8.97030663140135 8.97030663140135 9.32455532033676 13.567196007456 0 6.16227766016838 8.7701902980017 8.7701902980017 6.47890245052378 10.7418631073108 10.7418631073108 9.16227766016838 6.16227766016838 6.16227766016838 6.93719487780375 8.14614791121355 8.14614791121355 11.0184292344826 7.40491834728766 13.4304352008876 9.35486006373563 9.35486006373563
"gir gaya2407" 5.74456264653803 9.46167670545699 5.99070478491457 9.0173332383706 7.93725393319377 10.5830052442584 5.56486372683627 8.74456264653803 2.69258240356725 0 11.7537698404607 8.90684030670641 6.32455532033676 6.32455532033676 3.16227766016838 9.47890245052378 6.16227766016838 0 6.18890611362441 6.18890611362441 6.3166247903554 11.5272398282563 11.5272398282563 3 6 6 2.69258240356725 5.56486372683627 5.56486372683627 8.43714505010528 3.3166247903554 8.97347903984778 5.3851648071345 5.3851648071345
"kapra2406" 6.18890611362441 11.1332495807108 6.35800605550451 9.68890611362441 11.0230121040175 13.6687634150821 1.80277563773199 6.03455898343739 6.47890245052378 6.18890611362441 8.39329085158246 5.87228132326901 6.04138126514911 6.04138126514911 5.87228132326901 10.5 8.7701902980017 6.18890611362441 0 0 2.29128784747792 13.5369996818358 13.5369996818358 7.1149220103883 6.53392853459721 6.53392853459721 7.05828217712934 1.80277563773199 1.80277563773199 4.67505696100101 7.8166247903554 10.0443364431884 6.51637962641806 6.51637962641806
"kha lo,kha lun2408" 6.18890611362441 11.1332495807108 6.35800605550451 9.68890611362441 11.0230121040175 13.6687634150821 1.80277563773199 6.03455898343739 6.47890245052378 6.18890611362441 8.39329085158246 5.87228132326901 6.04138126514911 6.04138126514911 5.87228132326901 10.5 8.7701902980017 6.18890611362441 0 0 2.29128784747792 13.5369996818358 13.5369996818358 7.1149220103883 6.53392853459721 6.53392853459721 7.05828217712934 1.80277563773199 1.80277563773199 4.67505696100101 7.8166247903554 10.0443364431884 6.51637962641806 6.51637962641806
"khana2394" 8.48019396110233 10.8758902678301 5.96237610141999 9.35118377379279 10.2801649262325 12.9259162372971 4.09406348520991 8.32584683091531 6.8166247903554 6.3166247903554 10.6845786990604 8.16356917074693 5.64575131106459 5.64575131106459 6 10.2426406871193 6.47890245052378 6.3166247903554 2.29128784747792 2.29128784747792 0 13.1992773420042 13.1992773420042 7.24264068711928 4.24264068711928 4.24264068711928 7.09154200799077 4.09406348520991 4.09406348520991 6.96634480847893 7.55926547747468 9.77995987511004 6.85410196624968 6.85410196624968
"machar2395" 14.5828963611699 11.666760839378 9.21061503790086 5.33833371463184 12.6827509929004 15.328502303965 13.336865599495 15.0994227102737 10.0133906756329 11.5272398282563 19.1018634086721 16.0602506757229 10.6879693524539 10.6879693524539 13.0045941428093 11.935403001409 10.7418631073108 11.5272398282563 13.5369996818358 13.5369996818358 13.1992773420042 0 0 12.04376617736 11.889419047173 11.889419047173 11.25199630305 13.336865599495 13.336865599495 16.209146922764 11.039042162647 16.1820515969374 11.7574461304035 11.7574461304035
"machar2396" 14.5828963611699 11.666760839378 9.21061503790086 5.33833371463184 12.6827509929004 15.328502303965 13.336865599495 15.0994227102737 10.0133906756329 11.5272398282563 19.1018634086721 16.0602506757229 10.6879693524539 10.6879693524539 13.0045941428093 11.935403001409 10.7418631073108 11.5272398282563 13.5369996818358 13.5369996818358 13.1992773420042 0 0 12.04376617736 11.889419047173 11.889419047173 11.25199630305 13.336865599495 13.336865599495 16.209146922764 11.039042162647 16.1820515969374 11.7574461304035 11.7574461304035
"nahin1893" 8.74456264653803 10.7563552063285 7.28538328578604 10.3120117392421 8.45378028229756 11.0995315933622 6.37228132326901 10.2166986015376 5.69258240356725 3 11.5994227102737 8.39031395760262 5.80802897123297 5.80802897123297 2.64575131106459 8.96237610141999 9.16227766016838 3 7.1149220103883 7.1149220103883 7.24264068711928 12.04376617736 12.04376617736 0 3 3 5.69258240356725 6.37228132326901 6.37228132326901 9.24456264653803 6.3166247903554 8.81913190966076 6.19258240356725 6.19258240356725
"nino BT2404" 8.16356917074693 11.6823711030923 6.76885693668225 10.1576646090551 8.97030663140135 11.6160579424659 5.79128784747792 9.63570512574651 6.5 6 11.0184292344826 7.80932048181153 5.29150262212918 5.29150262212918 5.64575131106459 9.88839199818388 6.16227766016838 6 6.53392853459721 6.53392853459721 4.24264068711928 11.889419047173 11.889419047173 3 0 0 6.77491721763537 5.79128784747792 5.79128784747792 8.66356917074693 7.24264068711928 10.1138104105322 7 7
"nino BT2405" 8.16356917074693 11.6823711030923 6.76885693668225 10.1576646090551 8.97030663140135 11.6160579424659 5.79128784747792 9.63570512574651 6.5 6 11.0184292344826 7.80932048181153 5.29150262212918 5.29150262212918 5.64575131106459 9.88839199818388 6.16227766016838 6 6.53392853459721 6.53392853459721 4.24264068711928 11.889419047173 11.889419047173 3 0 0 6.77491721763537 5.79128784747792 5.79128784747792 8.66356917074693 7.24264068711928 10.1138104105322 7 7
"oho!2952" 6.61393871004296 8.43633976257951 6.02998924346261 8.74208971316432 9.06641983976456 11.7121711508291 6.43423979034119 9.61393871004296 2 2.69258240356725 12.6231459039656 9.77621637021134 6.3638397788848 6.3638397788848 5.85486006373563 8.4535655076463 6.93719487780375 2.69258240356725 7.05828217712934 7.05828217712934 7.09154200799077 11.25199630305 11.25199630305 5.69258240356725 6.77491721763537 6.77491721763537 0 6.43423979034119 6.43423979034119 9.30652111361021 2.29128784747792 9.34661403381801 5.52100952831344 5.52100952831344
"sona2410" 5.56486372683627 11.0181869090718 6.24294338386553 9.57384344198544 10.8228780216767 13.4686293327413 0 5.91366258841812 5.85486006373563 5.56486372683627 7.36763936456826 4.93383413607785 5.10293407795794 5.10293407795794 4.93383413607785 9.56155281280883 8.14614791121355 5.56486372683627 1.80277563773199 1.80277563773199 4.09406348520991 13.336865599495 13.336865599495 6.37228132326901 5.79128784747792 5.79128784747792 6.43423979034119 0 0 2.87228132326901 7.19258240356725 9.01868495617425 5.61176740295156 5.61176740295156
"sona2411" 5.56486372683627 11.0181869090718 6.24294338386553 9.57384344198544 10.8228780216767 13.4686293327413 0 5.91366258841812 5.85486006373563 5.56486372683627 7.36763936456826 4.93383413607785 5.10293407795794 5.10293407795794 4.93383413607785 9.56155281280883 8.14614791121355 5.56486372683627 1.80277563773199 1.80277563773199 4.09406348520991 13.336865599495 13.336865599495 6.37228132326901 5.79128784747792 5.79128784747792 6.43423979034119 0 0 2.87228132326901 7.19258240356725 9.01868495617425 5.61176740295156 5.61176740295156
"sona3373" 2.69258240356725 13.8904682323408 9.11522470713455 12.4461247652545 12.0822515485654 16.3409106560103 2.87228132326901 3.04138126514911 8.72714138700465 8.43714505010528 4.49535804129925 2.06155281280883 7.97521540122695 7.97521540122695 7.80611545934686 12.4338341360778 11.0184292344826 8.43714505010528 4.67505696100101 4.67505696100101 6.96634480847893 16.209146922764 16.209146922764 9.24456264653803 8.66356917074693 8.66356917074693 9.30652111361021 2.87228132326901 2.87228132326901 0 10.0648637268363 10.5777400251241 8.48404872622057 8.48404872622057
"theek hai2409" 7.37228132326901 6.14505191510159 5.82842712474619 8.52913557276139 9.76363857712876 12.4093898881934 7.19258240356725 10.372281323269 1.80277563773199 3.3166247903554 13.3814885171917 10.5345589834374 6.16227766016838 6.16227766016838 6.47890245052378 6.16227766016838 7.40491834728766 3.3166247903554 7.8166247903554 7.8166247903554 7.55926547747468 11.039042162647 11.039042162647 6.3166247903554 7.24264068711928 7.24264068711928 2.29128784747792 7.19258240356725 7.19258240356725 10.0648637268363 0 9.46167670545699 6.04668436981694 6.04668436981694
"toba3370" 12.0915891777475 12.7783014958124 9.30732957526997 12.333958028726 9.76363857712876 15.2378170129395 9.01868495617425 11.9372420475605 9.34661403381801 8.97347903984778 11.4675467909594 9.77496438739212 6.99070478491457 6.99070478491457 6.65685424949238 10.1450519151016 13.4304352008876 8.97347903984778 10.0443364431884 10.0443364431884 9.77995987511004 16.1820515969374 16.1820515969374 8.81913190966076 10.1138104105322 10.1138104105322 9.34661403381801 9.01868495617425 9.01868495617425 10.5777400251241 9.46167670545699 0 8.02100952831344 8.02100952831344
"vava BT2399" 8.72714138700465 9.17072675660508 5 8.06486372683627 9.64575131106459 12.2915026221292 5.61176740295156 8.72714138700465 5.14207214635043 5.3851648071345 11.4197237905719 8.53455898343739 5 5 5.19258240356725 8.85410196624968 9.35486006373563 5.3851648071345 6.51637962641806 6.51637962641806 6.85410196624968 11.7574461304035 11.7574461304035 6.19258240356725 7 7 5.52100952831344 5.61176740295156 5.61176740295156 8.48404872622057 6.04668436981694 8.02100952831344 0 0
"vava BT2400" 8.72714138700465 9.17072675660508 5 8.06486372683627 9.64575131106459 12.2915026221292 5.61176740295156 8.72714138700465 5.14207214635043 5.3851648071345 11.4197237905719 8.53455898343739 5 5 5.19258240356725 8.85410196624968 9.35486006373563 5.3851648071345 6.51637962641806 6.51637962641806 6.85410196624968 11.7574461304035 11.7574461304035 6.19258240356725 7 7 5.52100952831344 5.61176740295156 5.61176740295156 8.48404872622057 6.04668436981694 8.02100952831344 0 0
